

Normal nn, 20 folds results. Mean score: 0.84886

[[0.20325766 0.92447368 0.44630885 0.85684211]
 [0.23763997 0.91289474 0.25096698 0.90842105]
 [0.24788855 0.91052632 0.25355071 0.90526316]
 [0.25046692 0.90894737 0.23177724 0.91578947]
 [0.24813654 0.90815789 0.24650683 0.91578947]
 [0.24666105 0.90894737 0.25412938 0.91263158]
 [0.24923703 0.90842105 0.2460955  0.91578947]
 [0.25541447 0.90763158 0.2216315  0.91789474]
 [0.24452839 0.90894737 0.26355319 0.91157895]
 [0.24890346 0.90894737 0.24918392 0.91578947]
 [0.24545045 0.91210526 0.2658345  0.90105263]
 [0.25109966 0.91078947 0.21710889 0.91368421]
 [0.24804364 0.91263158 0.23219372 0.91263158]
 [0.24822079 0.90973684 0.23701682 0.91473684]
 [0.24987123 0.91       0.24642984 0.91157895]
 [0.25076376 0.90842105 0.23847553 0.91263158]
 [0.24743358 0.91       0.25190624 0.90842105]
 [0.25023223 0.90973684 0.22874624 0.91263158]
 [0.24566165 0.91210526 0.25355344 0.89894737]
 [0.24692043 0.90736842 0.24674379 0.91894737]]

Adding 
